
N: 21
Name: Sc

L= 0
total= 5
Exponents:
3.7170000 1.0970000 0.4164000 0.0761000 0.0284000
Coefficients:
0.0000000 0.0000000 0.0000000 0.0000000 1.0000000

L= 0
total= 5
Exponents:
3.7170000 1.0970000 0.4164000 0.0761000 0.0284000
Coefficients:
0.0000000 0.0000000 0.0000000 1.0000000 0.0000000

L= 0
total= 5
Exponents:
3.7170000 1.0970000 0.4164000 0.0761000 0.0284000
Coefficients:
0.0000000 0.0000000 1.0000000 0.0000000 0.0000000

L= 0
total= 5
Exponents:
3.7170000 1.0970000 0.4164000 0.0761000 0.0284000
Coefficients:
0.0000000 1.0000000 0.0000000 0.0000000 0.0000000

L= 0
total= 5
Exponents:
3.7170000 1.0970000 0.4164000 0.0761000 0.0284000
Coefficients:
1.0000000 0.0000000 0.0000000 0.0000000 0.0000000

L= 1
total= 5
Exponents:
10.4000000 1.3110000 0.4266000 0.0470000 0.0140000
Coefficients:
0.0000000 0.0000000 0.0000000 0.0000000 1.0000000

L= 1
total= 5
Exponents:
10.4000000 1.3110000 0.4266000 0.0470000 0.0140000
Coefficients:
0.0000000 0.0000000 0.0000000 1.0000000 0.0000000

L= 1
total= 5
Exponents:
10.4000000 1.3110000 0.4266000 0.0470000 0.0140000
Coefficients:
0.0000000 0.0000000 1.0000000 0.0000000 0.0000000

L= 1
total= 5
Exponents:
10.4000000 1.3110000 0.4266000 0.0470000 0.0140000
Coefficients:
0.0000000 1.0000000 0.0000000 0.0000000 0.0000000

L= 1
total= 5
Exponents:
10.4000000 1.3110000 0.4266000 0.0470000 0.0140000
Coefficients:
1.0000000 0.0000000 0.0000000 0.0000000 0.0000000

L= 2
total= 1
Exponents:
0.0250000
Coefficients:
1.0000000

L= 2
total= 5
Exponents:
15.1300000 4.2050000 1.3030000 0.3680000 0.0812000
Coefficients:
0.0000000 0.0000000 0.0000000 0.0000000 1.0000000

L= 2
total= 5
Exponents:
15.1300000 4.2050000 1.3030000 0.3680000 0.0812000
Coefficients:
0.0000000 0.0000000 0.0000000 1.0000000 0.0000000

L= 2
total= 5
Exponents:
15.1300000 4.2050000 1.3030000 0.3680000 0.0812000
Coefficients:
0.0379291 0.1738360 0.4268057 0.0000000 0.0000000


N: 22
Name: Ti

L= 0
total= 5
Exponents:
4.3720000 1.0980000 0.4178000 0.0872000 0.0314000
Coefficients:
0.0000000 0.0000000 0.0000000 0.0000000 1.0000000

L= 0
total= 5
Exponents:
4.3720000 1.0980000 0.4178000 0.0872000 0.0314000
Coefficients:
0.0000000 0.0000000 0.0000000 1.0000000 0.0000000

L= 0
total= 5
Exponents:
4.3720000 1.0980000 0.4178000 0.0872000 0.0314000
Coefficients:
0.0000000 0.0000000 1.0000000 0.0000000 0.0000000

L= 0
total= 5
Exponents:
4.3720000 1.0980000 0.4178000 0.0872000 0.0314000
Coefficients:
0.0000000 1.0000000 0.0000000 0.0000000 0.0000000

L= 0
total= 5
Exponents:
4.3720000 1.0980000 0.4178000 0.0872000 0.0314000
Coefficients:
1.0000000 0.0000000 0.0000000 0.0000000 0.0000000

L= 1
total= 5
Exponents:
12.5200000 1.4910000 0.4859000 0.0530000 0.0160000
Coefficients:
0.0000000 0.0000000 0.0000000 0.0000000 1.0000000

L= 1
total= 5
Exponents:
12.5200000 1.4910000 0.4859000 0.0530000 0.0160000
Coefficients:
0.0000000 0.0000000 0.0000000 1.0000000 0.0000000

L= 1
total= 5
Exponents:
12.5200000 1.4910000 0.4859000 0.0530000 0.0160000
Coefficients:
0.0000000 0.0000000 1.0000000 0.0000000 0.0000000

L= 1
total= 5
Exponents:
12.5200000 1.4910000 0.4859000 0.0530000 0.0160000
Coefficients:
0.0000000 1.0000000 0.0000000 0.0000000 0.0000000

L= 1
total= 5
Exponents:
12.5200000 1.4910000 0.4859000 0.0530000 0.0160000
Coefficients:
1.0000000 0.0000000 0.0000000 0.0000000 0.0000000

L= 2
total= 1
Exponents:
0.0349000
Coefficients:
1.0000000

L= 2
total= 5
Exponents:
20.2100000 5.4950000 1.6990000 0.4840000 0.1157000
Coefficients:
0.0000000 0.0000000 0.0000000 0.0000000 1.0000000

L= 2
total= 5
Exponents:
20.2100000 5.4950000 1.6990000 0.4840000 0.1157000
Coefficients:
0.0000000 0.0000000 0.0000000 1.0000000 0.0000000

L= 2
total= 5
Exponents:
20.2100000 5.4950000 1.6990000 0.4840000 0.1157000
Coefficients:
0.0341682 0.1710005 0.4405849 0.0000000 0.0000000


N: 23
Name: V

L= 0
total= 5
Exponents:
4.5900000 1.4930000 0.5570000 0.0975000 0.0342000
Coefficients:
0.0000000 0.0000000 0.0000000 0.0000000 1.0000000

L= 0
total= 5
Exponents:
4.5900000 1.4930000 0.5570000 0.0975000 0.0342000
Coefficients:
0.0000000 0.0000000 0.0000000 1.0000000 0.0000000

L= 0
total= 5
Exponents:
4.5900000 1.4930000 0.5570000 0.0975000 0.0342000
Coefficients:
0.0000000 0.0000000 1.0000000 0.0000000 0.0000000

L= 0
total= 5
Exponents:
4.5900000 1.4930000 0.5570000 0.0975000 0.0342000
Coefficients:
0.0000000 1.0000000 0.0000000 0.0000000 0.0000000

L= 0
total= 5
Exponents:
4.5900000 1.4930000 0.5570000 0.0975000 0.0342000
Coefficients:
1.0000000 0.0000000 0.0000000 0.0000000 0.0000000

L= 1
total= 5
Exponents:
13.7600000 1.7120000 0.5587000 0.0590000 0.0180000
Coefficients:
0.0000000 0.0000000 0.0000000 0.0000000 1.0000000

L= 1
total= 5
Exponents:
13.7600000 1.7120000 0.5587000 0.0590000 0.0180000
Coefficients:
0.0000000 0.0000000 0.0000000 1.0000000 0.0000000

L= 1
total= 5
Exponents:
13.7600000 1.7120000 0.5587000 0.0590000 0.0180000
Coefficients:
0.0000000 0.0000000 1.0000000 0.0000000 0.0000000

L= 1
total= 5
Exponents:
13.7600000 1.7120000 0.5587000 0.0590000 0.0180000
Coefficients:
0.0000000 1.0000000 0.0000000 0.0000000 0.0000000

L= 1
total= 5
Exponents:
13.7600000 1.7120000 0.5587000 0.0590000 0.0180000
Coefficients:
1.0000000 0.0000000 0.0000000 0.0000000 0.0000000

L= 2
total= 1
Exponents:
0.0464000
Coefficients:
1.0000000

L= 2
total= 5
Exponents:
25.7000000 6.5300000 2.0780000 0.6243000 0.1542000
Coefficients:
0.0000000 0.0000000 0.0000000 0.0000000 1.0000000

L= 2
total= 5
Exponents:
25.7000000 6.5300000 2.0780000 0.6243000 0.1542000
Coefficients:
0.0000000 0.0000000 0.0000000 1.0000000 0.0000000

L= 2
total= 5
Exponents:
25.7000000 6.5300000 2.0780000 0.6243000 0.1542000
Coefficients:
0.0331033 0.1795753 0.4373062 0.0000000 0.0000000


N: 24
Name: Cr

L= 0
total= 5
Exponents:
5.3610000 1.4490000 0.5496000 0.1052000 0.0364000
Coefficients:
0.0000000 0.0000000 0.0000000 0.0000000 1.0000000

L= 0
total= 5
Exponents:
5.3610000 1.4490000 0.5496000 0.1052000 0.0364000
Coefficients:
0.0000000 0.0000000 0.0000000 1.0000000 0.0000000

L= 0
total= 5
Exponents:
5.3610000 1.4490000 0.5496000 0.1052000 0.0364000
Coefficients:
0.0000000 0.0000000 1.0000000 0.0000000 0.0000000

L= 0
total= 5
Exponents:
5.3610000 1.4490000 0.5496000 0.1052000 0.0364000
Coefficients:
0.0000000 1.0000000 0.0000000 0.0000000 0.0000000

L= 0
total= 5
Exponents:
5.3610000 1.4490000 0.5496000 0.1052000 0.0364000
Coefficients:
1.0000000 0.0000000 0.0000000 0.0000000 0.0000000

L= 1
total= 5
Exponents:
16.4200000 1.9140000 0.6241000 0.0630000 0.0190000
Coefficients:
0.0000000 0.0000000 0.0000000 0.0000000 1.0000000

L= 1
total= 5
Exponents:
16.4200000 1.9140000 0.6241000 0.0630000 0.0190000
Coefficients:
0.0000000 0.0000000 0.0000000 1.0000000 0.0000000

L= 1
total= 5
Exponents:
16.4200000 1.9140000 0.6241000 0.0630000 0.0190000
Coefficients:
0.0000000 0.0000000 1.0000000 0.0000000 0.0000000

L= 1
total= 5
Exponents:
16.4200000 1.9140000 0.6241000 0.0630000 0.0190000
Coefficients:
0.0000000 1.0000000 0.0000000 0.0000000 0.0000000

L= 1
total= 5
Exponents:
16.4200000 1.9140000 0.6241000 0.0630000 0.0190000
Coefficients:
1.0000000 0.0000000 0.0000000 0.0000000 0.0000000

L= 2
total= 1
Exponents:
0.0587000
Coefficients:
1.0000000

L= 2
total= 5
Exponents:
28.9500000 7.7080000 2.4950000 0.7655000 0.1889000
Coefficients:
0.0000000 0.0000000 0.0000000 0.0000000 1.0000000

L= 2
total= 5
Exponents:
28.9500000 7.7080000 2.4950000 0.7655000 0.1889000
Coefficients:
0.0000000 0.0000000 0.0000000 1.0000000 0.0000000

L= 2
total= 5
Exponents:
28.9500000 7.7080000 2.4950000 0.7655000 0.1889000
Coefficients:
0.0337787 0.1780345 0.4370008 0.0000000 0.0000000


N: 25
Name: Mn

L= 0
total= 5
Exponents:
5.9140000 1.6050000 0.6260000 0.1115000 0.0380000
Coefficients:
0.0000000 0.0000000 0.0000000 0.0000000 1.0000000

L= 0
total= 5
Exponents:
5.9140000 1.6050000 0.6260000 0.1115000 0.0380000
Coefficients:
0.0000000 0.0000000 0.0000000 1.0000000 0.0000000

L= 0
total= 5
Exponents:
5.9140000 1.6050000 0.6260000 0.1115000 0.0380000
Coefficients:
0.0000000 0.0000000 1.0000000 0.0000000 0.0000000

L= 0
total= 5
Exponents:
5.9140000 1.6050000 0.6260000 0.1115000 0.0380000
Coefficients:
0.0000000 1.0000000 0.0000000 0.0000000 0.0000000

L= 0
total= 5
Exponents:
5.9140000 1.6050000 0.6260000 0.1115000 0.0380000
Coefficients:
1.0000000 0.0000000 0.0000000 0.0000000 0.0000000

L= 1
total= 5
Exponents:
18.2000000 2.1410000 0.7009000 0.0690000 0.0210000
Coefficients:
0.0000000 0.0000000 0.0000000 0.0000000 1.0000000

L= 1
total= 5
Exponents:
18.2000000 2.1410000 0.7009000 0.0690000 0.0210000
Coefficients:
0.0000000 0.0000000 0.0000000 1.0000000 0.0000000

L= 1
total= 5
Exponents:
18.2000000 2.1410000 0.7009000 0.0690000 0.0210000
Coefficients:
0.0000000 0.0000000 1.0000000 0.0000000 0.0000000

L= 1
total= 5
Exponents:
18.2000000 2.1410000 0.7009000 0.0690000 0.0210000
Coefficients:
0.0000000 1.0000000 0.0000000 0.0000000 0.0000000

L= 1
total= 5
Exponents:
18.2000000 2.1410000 0.7009000 0.0690000 0.0210000
Coefficients:
1.0000000 0.0000000 0.0000000 0.0000000 0.0000000

L= 2
total= 1
Exponents:
0.0670000
Coefficients:
1.0000000

L= 2
total= 5
Exponents:
32.2700000 8.8750000 2.8900000 0.8761000 0.2120000
Coefficients:
0.0000000 0.0000000 0.0000000 0.0000000 1.0000000

L= 2
total= 5
Exponents:
32.2700000 8.8750000 2.8900000 0.8761000 0.2120000
Coefficients:
0.0000000 0.0000000 0.0000000 1.0000000 0.0000000

L= 2
total= 5
Exponents:
32.2700000 8.8750000 2.8900000 0.8761000 0.2120000
Coefficients:
0.0341580 0.1761105 0.4394298 0.0000000 0.0000000


N: 26
Name: Fe

L= 0
total= 5
Exponents:
6.4220000 1.8260000 0.7135000 0.1021000 0.0363000
Coefficients:
0.0000000 0.0000000 0.0000000 0.0000000 1.0000000

L= 0
total= 5
Exponents:
6.4220000 1.8260000 0.7135000 0.1021000 0.0363000
Coefficients:
0.0000000 0.0000000 0.0000000 1.0000000 0.0000000

L= 0
total= 5
Exponents:
6.4220000 1.8260000 0.7135000 0.1021000 0.0363000
Coefficients:
0.0000000 0.0000000 1.0000000 0.0000000 0.0000000

L= 0
total= 5
Exponents:
6.4220000 1.8260000 0.7135000 0.1021000 0.0363000
Coefficients:
0.0000000 1.0000000 0.0000000 0.0000000 0.0000000

L= 0
total= 5
Exponents:
6.4220000 1.8260000 0.7135000 0.1021000 0.0363000
Coefficients:
1.0000000 0.0000000 0.0000000 0.0000000 0.0000000

L= 1
total= 5
Exponents:
19.4800000 2.3890000 0.7795000 0.0740000 0.0220000
Coefficients:
0.0000000 0.0000000 0.0000000 0.0000000 1.0000000

L= 1
total= 5
Exponents:
19.4800000 2.3890000 0.7795000 0.0740000 0.0220000
Coefficients:
0.0000000 0.0000000 0.0000000 1.0000000 0.0000000

L= 1
total= 5
Exponents:
19.4800000 2.3890000 0.7795000 0.0740000 0.0220000
Coefficients:
0.0000000 0.0000000 1.0000000 0.0000000 0.0000000

L= 1
total= 5
Exponents:
19.4800000 2.3890000 0.7795000 0.0740000 0.0220000
Coefficients:
0.0000000 1.0000000 0.0000000 0.0000000 0.0000000

L= 1
total= 5
Exponents:
19.4800000 2.3890000 0.7795000 0.0740000 0.0220000
Coefficients:
1.0000000 0.0000000 0.0000000 0.0000000 0.0000000

L= 2
total= 1
Exponents:
0.0706000
Coefficients:
1.0000000

L= 2
total= 5
Exponents:
37.0800000 10.1000000 3.2200000 0.9628000 0.2262000
Coefficients:
0.0000000 0.0000000 0.0000000 0.0000000 1.0000000

L= 2
total= 5
Exponents:
37.0800000 10.1000000 3.2200000 0.9628000 0.2262000
Coefficients:
0.0000000 0.0000000 0.0000000 1.0000000 0.0000000

L= 2
total= 5
Exponents:
37.0800000 10.1000000 3.2200000 0.9628000 0.2262000
Coefficients:
0.0329000 0.1787418 0.4487657 0.0000000 0.0000000


N: 27
Name: Co

L= 0
total= 5
Exponents:
7.1760000 2.0090000 0.8055000 0.1070000 0.0375000
Coefficients:
0.0000000 0.0000000 0.0000000 0.0000000 1.0000000

L= 0
total= 5
Exponents:
7.1760000 2.0090000 0.8055000 0.1070000 0.0375000
Coefficients:
0.0000000 0.0000000 0.0000000 1.0000000 0.0000000

L= 0
total= 5
Exponents:
7.1760000 2.0090000 0.8055000 0.1070000 0.0375000
Coefficients:
0.0000000 0.0000000 1.0000000 0.0000000 0.0000000

L= 0
total= 5
Exponents:
7.1760000 2.0090000 0.8055000 0.1070000 0.0375000
Coefficients:
0.0000000 1.0000000 0.0000000 0.0000000 0.0000000

L= 0
total= 5
Exponents:
7.1760000 2.0090000 0.8055000 0.1070000 0.0375000
Coefficients:
1.0000000 0.0000000 0.0000000 0.0000000 0.0000000

L= 1
total= 5
Exponents:
21.3900000 2.6500000 0.8619000 0.0800000 0.0230000
Coefficients:
0.0000000 0.0000000 0.0000000 0.0000000 1.0000000

L= 1
total= 5
Exponents:
21.3900000 2.6500000 0.8619000 0.0800000 0.0230000
Coefficients:
0.0000000 0.0000000 0.0000000 1.0000000 0.0000000

L= 1
total= 5
Exponents:
21.3900000 2.6500000 0.8619000 0.0800000 0.0230000
Coefficients:
0.0000000 0.0000000 1.0000000 0.0000000 0.0000000

L= 1
total= 5
Exponents:
21.3900000 2.6500000 0.8619000 0.0800000 0.0230000
Coefficients:
0.0000000 1.0000000 0.0000000 0.0000000 0.0000000

L= 1
total= 5
Exponents:
21.3900000 2.6500000 0.8619000 0.0800000 0.0230000
Coefficients:
1.0000000 0.0000000 0.0000000 0.0000000 0.0000000

L= 2
total= 1
Exponents:
0.0822000
Coefficients:
1.0000000

L= 2
total= 5
Exponents:
39.2500000 10.7800000 3.4960000 1.0660000 0.2606000
Coefficients:
0.0000000 0.0000000 0.0000000 0.0000000 1.0000000

L= 2
total= 5
Exponents:
39.2500000 10.7800000 3.4960000 1.0660000 0.2606000
Coefficients:
0.0000000 0.0000000 0.0000000 1.0000000 0.0000000

L= 2
total= 5
Exponents:
39.2500000 10.7800000 3.4960000 1.0660000 0.2606000
Coefficients:
0.0361541 0.1896744 0.4524981 0.0000000 0.0000000


N: 28
Name: Ni

L= 0
total= 5
Exponents:
7.6200000 2.2940000 0.8760000 0.1153000 0.0396000
Coefficients:
0.0000000 0.0000000 0.0000000 0.0000000 1.0000000

L= 0
total= 5
Exponents:
7.6200000 2.2940000 0.8760000 0.1153000 0.0396000
Coefficients:
0.0000000 0.0000000 0.0000000 1.0000000 0.0000000

L= 0
total= 5
Exponents:
7.6200000 2.2940000 0.8760000 0.1153000 0.0396000
Coefficients:
0.0000000 0.0000000 1.0000000 0.0000000 0.0000000

L= 0
total= 5
Exponents:
7.6200000 2.2940000 0.8760000 0.1153000 0.0396000
Coefficients:
0.0000000 1.0000000 0.0000000 0.0000000 0.0000000

L= 0
total= 5
Exponents:
7.6200000 2.2940000 0.8760000 0.1153000 0.0396000
Coefficients:
1.0000000 0.0000000 0.0000000 0.0000000 0.0000000

L= 1
total= 5
Exponents:
23.6600000 2.8930000 0.9435000 0.0840000 0.0240000
Coefficients:
0.0000000 0.0000000 0.0000000 0.0000000 1.0000000

L= 1
total= 5
Exponents:
23.6600000 2.8930000 0.9435000 0.0840000 0.0240000
Coefficients:
0.0000000 0.0000000 0.0000000 1.0000000 0.0000000

L= 1
total= 5
Exponents:
23.6600000 2.8930000 0.9435000 0.0840000 0.0240000
Coefficients:
0.0000000 0.0000000 1.0000000 0.0000000 0.0000000

L= 1
total= 5
Exponents:
23.6600000 2.8930000 0.9435000 0.0840000 0.0240000
Coefficients:
0.0000000 1.0000000 0.0000000 0.0000000 0.0000000

L= 1
total= 5
Exponents:
23.6600000 2.8930000 0.9435000 0.0840000 0.0240000
Coefficients:
1.0000000 0.0000000 0.0000000 0.0000000 0.0000000

L= 2
total= 1
Exponents:
0.0898000
Coefficients:
1.0000000

L= 2
total= 5
Exponents:
42.7200000 11.7600000 3.8170000 1.1690000 0.2836000
Coefficients:
0.0000000 0.0000000 0.0000000 0.0000000 1.0000000

L= 2
total= 5
Exponents:
42.7200000 11.7600000 3.8170000 1.1690000 0.2836000
Coefficients:
0.0000000 0.0000000 0.0000000 1.0000000 0.0000000

L= 2
total= 5
Exponents:
42.7200000 11.7600000 3.8170000 1.1690000 0.2836000
Coefficients:
0.0372699 0.1956103 0.4561273 0.0000000 0.0000000


N: 29
Name: Cu

L= 0
total= 5
Exponents:
8.1760000 2.5680000 0.9587000 0.1153000 0.0396000
Coefficients:
0.0000000 0.0000000 0.0000000 0.0000000 1.0000000

L= 0
total= 5
Exponents:
8.1760000 2.5680000 0.9587000 0.1153000 0.0396000
Coefficients:
0.0000000 0.0000000 0.0000000 1.0000000 0.0000000

L= 0
total= 5
Exponents:
8.1760000 2.5680000 0.9587000 0.1153000 0.0396000
Coefficients:
0.0000000 0.0000000 1.0000000 0.0000000 0.0000000

L= 0
total= 5
Exponents:
8.1760000 2.5680000 0.9587000 0.1153000 0.0396000
Coefficients:
0.0000000 1.0000000 0.0000000 0.0000000 0.0000000

L= 0
total= 5
Exponents:
8.1760000 2.5680000 0.9587000 0.1153000 0.0396000
Coefficients:
1.0000000 0.0000000 0.0000000 0.0000000 0.0000000

L= 1
total= 5
Exponents:
25.6300000 3.1660000 1.0230000 0.0860000 0.0240000
Coefficients:
0.0000000 0.0000000 0.0000000 0.0000000 1.0000000

L= 1
total= 5
Exponents:
25.6300000 3.1660000 1.0230000 0.0860000 0.0240000
Coefficients:
0.0000000 0.0000000 0.0000000 1.0000000 0.0000000

L= 1
total= 5
Exponents:
25.6300000 3.1660000 1.0230000 0.0860000 0.0240000
Coefficients:
0.0000000 0.0000000 1.0000000 0.0000000 0.0000000

L= 1
total= 5
Exponents:
25.6300000 3.1660000 1.0230000 0.0860000 0.0240000
Coefficients:
0.0000000 1.0000000 0.0000000 0.0000000 0.0000000

L= 1
total= 5
Exponents:
25.6300000 3.1660000 1.0230000 0.0860000 0.0240000
Coefficients:
1.0000000 0.0000000 0.0000000 0.0000000 0.0000000

L= 2
total= 1
Exponents:
0.1010000
Coefficients:
1.0000000

L= 2
total= 5
Exponents:
41.3400000 11.4200000 3.8390000 1.2300000 0.3102000
Coefficients:
0.0000000 0.0000000 0.0000000 0.0000000 1.0000000

L= 2
total= 5
Exponents:
41.3400000 11.4200000 3.8390000 1.2300000 0.3102000
Coefficients:
0.0000000 0.0000000 0.0000000 1.0000000 0.0000000

L= 2
total= 5
Exponents:
41.3400000 11.4200000 3.8390000 1.2300000 0.3102000
Coefficients:
0.0465424 0.2227824 0.4539059 0.0000000 0.0000000


N: 30
Name: Zn

L= 0
total= 3
Exponents:
0.7997000 0.1752000 0.0556000
Coefficients:
0.0000000 0.0000000 1.0000000

L= 0
total= 3
Exponents:
0.7997000 0.1752000 0.0556000
Coefficients:
0.0000000 1.0000000 0.0000000

L= 0
total= 3
Exponents:
0.7997000 0.1752000 0.0556000
Coefficients:
1.0000000 0.0000000 0.0000000

L= 1
total= 2
Exponents:
0.1202000 0.0351000
Coefficients:
0.0000000 1.0000000

L= 1
total= 2
Exponents:
0.1202000 0.0351000
Coefficients:
1.0000000 0.0000000

L= 2
total= 1
Exponents:
0.1700000
Coefficients:
1.0000000

L= 2
total= 5
Exponents:
68.8500000 18.3200000 5.9220000 1.9270000 0.5528000
Coefficients:
0.0000000 0.0000000 0.0000000 0.0000000 1.0000000

L= 2
total= 5
Exponents:
68.8500000 18.3200000 5.9220000 1.9270000 0.5528000
Coefficients:
0.0000000 0.0000000 0.0000000 1.0000000 0.0000000

L= 2
total= 5
Exponents:
68.8500000 18.3200000 5.9220000 1.9270000 0.5528000
Coefficients:
0.0258532 0.1651195 0.4468212 0.0000000 0.0000000